50 4 0
50 5 0
50 6 0
50 7 0
50 8 0
50 9 0
50 10 0
50 11 0
50 12 0
50 13 0
51 4 0
51 5 0
51 6 0
51 7 0
51 8 0
51 9 0
51 10 0
51 11 0
51 12 0
51 13 0
52 4 0
52 5 0
52 6 0
52 7 0
52 8 0
52 9 0
52 10 0
52 11 0
52 12 0
52 13 0
53 4 0
53 5 0
53 6 0
53 7 0
53 8 0
53 9 0
53 10 0
53 11 0
53 12 0
53 13 0
54 4 0
54 5 0
54 6 0
54 7 0
54 8 0
54 9 0
54 10 0
54 11 0
54 12 0
54 13 0
55 4 1
55 5 1
55 6 1
55 7 1
55 8 1
55 9 0
55 10 0
55 11 0
55 12 0
55 13 0
56 4 1
56 5 1
56 6 1
56 7 1
56 8 1
56 9 1
56 10 0
56 11 0
56 12 0
56 13 0
57 4 1
57 5 1
57 6 1
57 7 1
57 8 1
57 9 1
57 10 1
57 11 0
57 12 0
57 13 0
58 4 1
58 5 1
58 6 1
58 7 1
58 8 1
58 9 1
58 10 1
58 11 1
58 12 0
58 13 0
59 4 1
59 5 1
59 6 1
59 7 1
59 8 1
59 9 1
59 10 1
59 11 1
59 12 1
59 13 0
60 4 1
60 5 1
60 6 1
60 7 1
60 8 1
60 9 1
60 10 1
60 11 1
60 12 1
60 13 1
61 4 1
61 5 1
61 6 1
61 7 1
61 8 1
61 9 1
61 10 1
61 11 1
61 12 1
61 13 1
62 4 1
62 5 1
62 6 1
62 7 1
62 8 1
62 9 1
62 10 1
62 11 1
62 12 1
62 13 1
63 4 1
63 5 1
63 6 1
63 7 1
63 8 1
63 9 1
63 10 1
63 11 1
63 12 1
63 13 1
64 4 1
64 5 1
64 6 1
64 7 1
64 8 1
64 9 1
64 10 1
64 11 1
64 12 1
64 13 1
65 4 1
65 5 1
65 6 1
65 7 1
65 8 1
65 9 1
65 10 1
65 11 1
65 12 1
65 13 1
66 4 1
66 5 1
66 6 1
66 7 1
66 8 1
66 9 1
66 10 1
66 11 1
66 12 1
66 13 1
67 4 1
67 5 1
67 6 1
67 7 1
67 8 1
67 9 1
67 10 1
67 11 1
67 12 1
67 13 1
68 4 1
68 5 1
68 6 1
68 7 1
68 8 1
68 9 1
68 10 1
68 11 1
68 12 1
68 13 1
69 4 1
69 5 1
69 6 1
69 7 1
69 8 1
69 9 1
69 10 1
69 11 1
69 12 1
69 13 1
70 4 1
70 5 1
70 6 1
70 7 1
70 8 1
70 9 1
70 10 1
70 11 1
70 12 1
70 13 1
71 4 1
71 5 1
71 6 1
71 7 1
71 8 1
71 9 1
71 10 1
71 11 1
71 12 1
71 13 1
72 4 1
72 5 1
72 6 1
72 7 1
72 8 1
72 9 1
72 10 1
72 11 1
72 12 1
72 13 1
73 4 1
73 5 1
73 6 1
73 7 1
73 8 1
73 9 1
73 10 1
73 11 1
73 12 1
73 13 1
74 4 1
74 5 1
74 6 1
74 7 1
74 8 1
74 9 1
74 10 1
74 11 1
74 12 1
74 13 1
75 4 1
75 5 1
75 6 1
75 7 1
75 8 1
75 9 1
75 10 1
75 11 1
75 12 1
75 13 1
76 4 1
76 5 1
76 6 1
76 7 1
76 8 1
76 9 1
76 10 1
76 11 1
76 12 1
76 13 1
77 4 1
77 5 1
77 6 1
77 7 1
77 8 1
77 9 1
77 10 1
77 11 1
77 12 1
77 13 1
78 4 1
78 5 1
78 6 1
78 7 1
78 8 1
78 9 1
78 10 1
78 11 1
78 12 1
78 13 1
79 4 1
79 5 1
79 6 1
79 7 1
79 8 1
79 9 1
79 10 1
79 11 1
79 12 1
79 13 1
80 4 2
80 5 2
80 6 2
80 7 2
80 8 2
80 9 1
80 10 1
80 11 1
80 12 1
80 13 1
81 4 2
81 5 2
81 6 2
81 7 2
81 8 2
81 9 2
81 10 1
81 11 1
81 12 1
81 13 1
82 4 2
82 5 2
82 6 2
82 7 2
82 8 2
82 9 2
82 10 2
82 11 1
82 12 1
82 13 1
83 4 2
83 5 2
83 6 2
83 7 2
83 8 2
83 9 2
83 10 2
83 11 2
83 12 1
83 13 1
84 4 2
84 5 2
84 6 2
84 7 2
84 8 2
84 9 2
84 10 2
84 11 2
84 12 2
84 13 1
85 4 2
85 5 2
85 6 2
85 7 2
85 8 2
85 9 2
85 10 2
85 11 2
85 12 2
85 13 2
86 4 2
86 5 2
86 6 2
86 7 2
86 8 2
86 9 2
86 10 2
86 11 2
86 12 2
86 13 2
87 4 2
87 5 2
87 6 2
87 7 2
87 8 2
87 9 2
87 10 2
87 11 2
87 12 2
87 13 2
88 4 2
88 5 2
88 6 2
88 7 2
88 8 2
88 9 2
88 10 2
88 11 2
88 12 2
88 13 2
89 4 2
89 5 2
89 6 2
89 7 2
89 8 2
89 9 2
89 10 2
89 11 2
89 12 2
89 13 2
90 4 2
90 5 2
90 6 2
90 7 2
90 8 2
90 9 2
90 10 2
90 11 2
90 12 2
90 13 2
91 4 2
91 5 2
91 6 2
91 7 2
91 8 2
91 9 2
91 10 2
91 11 2
91 12 2
91 13 2
92 4 2
92 5 2
92 6 2
92 7 2
92 8 2
92 9 2
92 10 2
92 11 2
92 12 2
92 13 2
93 4 2
93 5 2
93 6 2
93 7 2
93 8 2
93 9 2
93 10 2
93 11 2
93 12 2
93 13 2
94 4 2
94 5 2
94 6 2
94 7 2
94 8 2
94 9 2
94 10 2
94 11 2
94 12 2
94 13 2
95 4 2
95 5 2
95 6 2
95 7 2
95 8 2
95 9 2
95 10 2
95 11 2
95 12 2
95 13 2
96 4 2
96 5 2
96 6 2
96 7 2
96 8 2
96 9 2
96 10 2
96 11 2
96 12 2
96 13 2
97 4 2
97 5 2
97 6 2
97 7 2
97 8 2
97 9 2
97 10 2
97 11 2
97 12 2
97 13 2
98 4 2
98 5 2
98 6 2
98 7 2
98 8 2
98 9 2
98 10 2
98 11 2
98 12 2
98 13 2
99 4 2
99 5 2
99 6 2
99 7 2
99 8 2
99 9 2
99 10 2
99 11 2
99 12 2
99 13 2
100 4 2
100 5 2
100 6 2
100 7 2
100 8 2
100 9 2
100 10 2
100 11 2
100 12 2
100 13 2
101 4 2
101 5 2
101 6 2
101 7 2
101 8 2
101 9 2
101 10 2
101 11 2
101 12 2
101 13 2
102 4 2
102 5 2
102 6 2
102 7 2
102 8 2
102 9 2
102 10 2
102 11 2
102 12 2
102 13 2
103 4 2
103 5 2
103 6 2
103 7 2
103 8 2
103 9 2
103 10 2
103 11 2
103 12 2
103 13 2
104 4 2
104 5 2
104 6 2
104 7 2
104 8 2
104 9 2
104 10 2
104 11 2
104 12 2
104 13 2
105 4 2
105 5 2
105 6 2
105 7 2
105 8 2
105 9 2
105 10 2
105 11 2
105 12 2
105 13 2
106 4 2
106 5 2
106 6 2
106 7 2
106 8 2
106 9 2
106 10 2
106 11 2
106 12 2
106 13 2
107 4 2
107 5 2
107 6 2
107 7 2
107 8 2
107 9 2
107 10 2
107 11 2
107 12 2
107 13 2
108 4 2
108 5 2
108 6 2
108 7 2
108 8 2
108 9 2
108 10 2
108 11 2
108 12 2
108 13 2
109 4 2
109 5 2
109 6 2
109 7 2
109 8 2
109 9 2
109 10 2
109 11 2
109 12 2
109 13 2
110 4 2
110 5 2
110 6 2
110 7 2
110 8 2
110 9 2
110 10 2
110 11 2
110 12 2
110 13 2
111 4 2
111 5 2
111 6 2
111 7 2
111 8 2
111 9 2
111 10 2
111 11 2
111 12 2
111 13 2
112 4 2
112 5 2
112 6 2
112 7 2
112 8 2
112 9 2
112 10 2
112 11 2
112 12 2
112 13 2
113 4 2
113 5 2
113 6 2
113 7 2
113 8 2
113 9 2
113 10 2
113 11 2
113 12 2
113 13 2
114 4 2
114 5 2
114 6 2
114 7 2
114 8 2
114 9 2
114 10 2
114 11 2
114 12 2
114 13 2
115 4 2
115 5 2
115 6 2
115 7 2
115 8 2
115 9 2
115 10 2
115 11 2
115 12 2
115 13 2
116 4 2
116 5 2
116 6 2
116 7 2
116 8 2
116 9 2
116 10 2
116 11 2
116 12 2
116 13 2
117 4 2
117 5 2
117 6 2
117 7 2
117 8 2
117 9 2
117 10 2
117 11 2
117 12 2
117 13 2
118 4 2
118 5 2
118 6 2
118 7 2
118 8 2
118 9 2
118 10 2
118 11 2
118 12 2
118 13 2
119 4 2
119 5 2
119 6 2
119 7 2
119 8 2
119 9 2
119 10 2
119 11 2
119 12 2
119 13 2
120 4 2
120 5 2
120 6 2
120 7 2
120 8 2
120 9 2
120 10 2
120 11 2
120 12 2
120 13 2
121 4 2
121 5 2
121 6 2
121 7 2
121 8 2
121 9 2
121 10 2
121 11 2
121 12 2
121 13 2
122 4 2
122 5 2
122 6 2
122 7 2
122 8 2
122 9 2
122 10 2
122 11 2
122 12 2
122 13 2
123 4 2
123 5 2
123 6 2
123 7 2
123 8 2
123 9 2
123 10 2
123 11 2
123 12 2
123 13 2
124 4 2
124 5 2
124 6 2
124 7 2
124 8 2
124 9 2
124 10 2
124 11 2
124 12 2
124 13 2
125 4 3
125 5 3
125 6 3
125 7 3
125 8 3
125 9 2
125 10 2
125 11 2
125 12 2
125 13 2
126 4 3
126 5 3
126 6 3
126 7 3
126 8 3
126 9 3
126 10 2
126 11 2
126 12 2
126 13 2
127 4 3
127 5 3
127 6 3
127 7 3
127 8 3
127 9 3
127 10 3
127 11 2
127 12 2
127 13 2
128 4 3
128 5 3
128 6 3
128 7 3
128 8 3
128 9 3
128 10 3
128 11 3
128 12 2
128 13 2
129 4 3
129 5 3
129 6 3
129 7 3
129 8 3
129 9 3
129 10 3
129 11 3
129 12 3
129 13 2
130 4 3
130 5 3
130 6 3
130 7 3
130 8 3
130 9 3
130 10 3
130 11 3
130 12 3
130 13 3
131 4 3
131 5 3
131 6 3
131 7 3
131 8 3
131 9 3
131 10 3
131 11 3
131 12 3
131 13 3
132 4 3
132 5 3
132 6 3
132 7 3
132 8 3
132 9 3
132 10 3
132 11 3
132 12 3
132 13 3
133 4 3
133 5 3
133 6 3
133 7 3
133 8 3
133 9 3
133 10 3
133 11 3
133 12 3
133 13 3
134 4 3
134 5 3
134 6 3
134 7 3
134 8 3
134 9 3
134 10 3
134 11 3
134 12 3
134 13 3
135 4 3
135 5 3
135 6 3
135 7 3
135 8 3
135 9 3
135 10 3
135 11 3
135 12 3
135 13 3
136 4 3
136 5 3
136 6 3
136 7 3
136 8 3
136 9 3
136 10 3
136 11 3
136 12 3
136 13 3
137 4 3
137 5 3
137 6 3
137 7 3
137 8 3
137 9 3
137 10 3
137 11 3
137 12 3
137 13 3
138 4 3
138 5 3
138 6 3
138 7 3
138 8 3
138 9 3
138 10 3
138 11 3
138 12 3
138 13 3
139 4 3
139 5 3
139 6 3
139 7 3
139 8 3
139 9 3
139 10 3
139 11 3
139 12 3
139 13 3
140 4 3
140 5 3
140 6 3
140 7 3
140 8 3
140 9 3
140 10 3
140 11 3
140 12 3
140 13 3
141 4 3
141 5 3
141 6 3
141 7 3
141 8 3
141 9 3
141 10 3
141 11 3
141 12 3
141 13 3
142 4 3
142 5 3
142 6 3
142 7 3
142 8 3
142 9 3
142 10 3
142 11 3
142 12 3
142 13 3
143 4 3
143 5 3
143 6 3
143 7 3
143 8 3
143 9 3
143 10 3
143 11 3
143 12 3
143 13 3
144 4 3
144 5 3
144 6 3
144 7 3
144 8 3
144 9 3
144 10 3
144 11 3
144 12 3
144 13 3
145 4 0
145 5 0
145 6 0
145 7 0
145 8 0
145 9 0
145 10 0
145 11 0
145 12 0
145 13 0
146 4 0
146 5 0
146 6 0
146 7 0
146 8 0
146 9 0
146 10 0
146 11 0
146 12 0
146 13 0
147 4 0
147 5 0
147 6 0
147 7 0
147 8 0
147 9 0
147 10 0
147 11 0
147 12 0
147 13 0
148 4 0
148 5 0
148 6 0
148 7 0
148 8 0
148 9 0
148 10 0
148 11 0
148 12 0
148 13 0
149 4 0
149 5 0
149 6 0
149 7 0
149 8 0
149 9 0
149 10 0
149 11 0
149 12 0
149 13 0
150 4 1
150 5 1
150 6 1
150 7 1
150 8 1
150 9 0
150 10 0
150 11 0
150 12 0
150 13 0
151 4 1
151 5 1
151 6 1
151 7 1
151 8 1
151 9 1
151 10 0
151 11 0
151 12 0
151 13 0
152 4 1
152 5 1
152 6 1
152 7 1
152 8 1
152 9 1
152 10 1
152 11 0
152 12 0
152 13 0
153 4 1
153 5 1
153 6 1
153 7 1
153 8 1
153 9 1
153 10 1
153 11 1
153 12 0
153 13 0
154 4 1
154 5 1
154 6 1
154 7 1
154 8 1
154 9 1
154 10 1
154 11 1
154 12 1
154 13 0
155 4 1
155 5 1
155 6 1
155 7 1
155 8 1
155 9 1
155 10 1
155 11 1
155 12 1
155 13 1
156 4 1
156 5 1
156 6 1
156 7 1
156 8 1
156 9 1
156 10 1
156 11 1
156 12 1
156 13 1
157 4 1
157 5 1
157 6 1
157 7 1
157 8 1
157 9 1
157 10 1
157 11 1
157 12 1
157 13 1
158 4 1
158 5 1
158 6 1
158 7 1
158 8 1
158 9 1
158 10 1
158 11 1
158 12 1
158 13 1
159 4 1
159 5 1
159 6 1
159 7 1
159 8 1
159 9 1
159 10 1
159 11 1
159 12 1
159 13 1
160 4 1
160 5 1
160 6 1
160 7 1
160 8 1
160 9 1
160 10 1
160 11 1
160 12 1
160 13 1
161 4 1
161 5 1
161 6 1
161 7 1
161 8 1
161 9 1
161 10 1
161 11 1
161 12 1
161 13 1
162 4 1
162 5 1
162 6 1
162 7 1
162 8 1
162 9 1
162 10 1
162 11 1
162 12 1
162 13 1
163 4 1
163 5 1
163 6 1
163 7 1
163 8 1
163 9 1
163 10 1
163 11 1
163 12 1
163 13 1
164 4 1
164 5 1
164 6 1
164 7 1
164 8 1
164 9 1
164 10 1
164 11 1
164 12 1
164 13 1
165 4 1
165 5 1
165 6 1
165 7 1
165 8 1
165 9 1
165 10 1
165 11 1
165 12 1
165 13 1
166 4 1
166 5 1
166 6 1
166 7 1
166 8 1
166 9 1
166 10 1
166 11 1
166 12 1
166 13 1
167 4 1
167 5 1
167 6 1
167 7 1
167 8 1
167 9 1
167 10 1
167 11 1
167 12 1
167 13 1
168 4 1
168 5 1
168 6 1
168 7 1
168 8 1
168 9 1
168 10 1
168 11 1
168 12 1
168 13 1
169 4 1
169 5 1
169 6 1
169 7 1
169 8 1
169 9 1
169 10 1
169 11 1
169 12 1
169 13 1
170 4 1
170 5 1
170 6 1
170 7 1
170 8 1
170 9 1
170 10 1
170 11 1
170 12 1
170 13 1
171 4 1
171 5 1
171 6 1
171 7 1
171 8 1
171 9 1
171 10 1
171 11 1
171 12 1
171 13 1
172 4 1
172 5 1
172 6 1
172 7 1
172 8 1
172 9 1
172 10 1
172 11 1
172 12 1
172 13 1
173 4 1
173 5 1
173 6 1
173 7 1
173 8 1
173 9 1
173 10 1
173 11 1
173 12 1
173 13 1
174 4 1
174 5 1
174 6 1
174 7 1
174 8 1
174 9 1
174 10 1
174 11 1
174 12 1
174 13 1
175 4 2
175 5 2
175 6 2
175 7 2
175 8 2
175 9 1
175 10 1
175 11 1
175 12 1
175 13 1
176 4 2
176 5 2
176 6 2
176 7 2
176 8 2
176 9 2
176 10 1
176 11 1
176 12 1
176 13 1
177 4 2
177 5 2
177 6 2
177 7 2
177 8 2
177 9 2
177 10 2
177 11 1
177 12 1
177 13 1
178 4 2
178 5 2
178 6 2
178 7 2
178 8 2
178 9 2
178 10 2
178 11 2
178 12 1
178 13 1
179 4 2
179 5 2
179 6 2
179 7 2
179 8 2
179 9 2
179 10 2
179 11 2
179 12 2
179 13 1
180 4 2
180 5 2
180 6 2
180 7 2
180 8 2
180 9 2
180 10 2
180 11 2
180 12 2
180 13 2
181 4 2
181 5 2
181 6 2
181 7 2
181 8 2
181 9 2
181 10 2
181 11 2
181 12 2
181 13 2
182 4 2
182 5 2
182 6 2
182 7 2
182 8 2
182 9 2
182 10 2
182 11 2
182 12 2
182 13 2
183 4 2
183 5 2
183 6 2
183 7 2
183 8 2
183 9 2
183 10 2
183 11 2
183 12 2
183 13 2
184 4 2
184 5 2
184 6 2
184 7 2
184 8 2
184 9 2
184 10 2
184 11 2
184 12 2
184 13 2
185 4 2
185 5 2
185 6 2
185 7 2
185 8 2
185 9 2
185 10 2
185 11 2
185 12 2
185 13 2
186 4 2
186 5 2
186 6 2
186 7 2
186 8 2
186 9 2
186 10 2
186 11 2
186 12 2
186 13 2
187 4 2
187 5 2
187 6 2
187 7 2
187 8 2
187 9 2
187 10 2
187 11 2
187 12 2
187 13 2
188 4 2
188 5 2
188 6 2
188 7 2
188 8 2
188 9 2
188 10 2
188 11 2
188 12 2
188 13 2
189 4 2
189 5 2
189 6 2
189 7 2
189 8 2
189 9 2
189 10 2
189 11 2
189 12 2
189 13 2
190 4 2
190 5 2
190 6 2
190 7 2
190 8 2
190 9 2
190 10 2
190 11 2
190 12 2
190 13 2
191 4 2
191 5 2
191 6 2
191 7 2
191 8 2
191 9 2
191 10 2
191 11 2
191 12 2
191 13 2
192 4 2
192 5 2
192 6 2
192 7 2
192 8 2
192 9 2
192 10 2
192 11 2
192 12 2
192 13 2
193 4 2
193 5 2
193 6 2
193 7 2
193 8 2
193 9 2
193 10 2
193 11 2
193 12 2
193 13 2
194 4 2
194 5 2
194 6 2
194 7 2
194 8 2
194 9 2
194 10 2
194 11 2
194 12 2
194 13 2
195 4 2
195 5 2
195 6 2
195 7 2
195 8 2
195 9 2
195 10 2
195 11 2
195 12 2
195 13 2
196 4 2
196 5 2
196 6 2
196 7 2
196 8 2
196 9 2
196 10 2
196 11 2
196 12 2
196 13 2
197 4 2
197 5 2
197 6 2
197 7 2
197 8 2
197 9 2
197 10 2
197 11 2
197 12 2
197 13 2
198 4 2
198 5 2
198 6 2
198 7 2
198 8 2
198 9 2
198 10 2
198 11 2
198 12 2
198 13 2
199 4 2
199 5 2
199 6 2
199 7 2
199 8 2
199 9 2
199 10 2
199 11 2
199 12 2
199 13 2
200 4 2
200 5 2
200 6 2
200 7 2
200 8 2
200 9 2
200 10 2
200 11 2
200 12 2
200 13 2
201 4 2
201 5 2
201 6 2
201 7 2
201 8 2
201 9 2
201 10 2
201 11 2
201 12 2
201 13 2
202 4 2
202 5 2
202 6 2
202 7 2
202 8 2
202 9 2
202 10 2
202 11 2
202 12 2
202 13 2
203 4 2
203 5 2
203 6 2
203 7 2
203 8 2
203 9 2
203 10 2
203 11 2
203 12 2
203 13 2
204 4 2
204 5 2
204 6 2
204 7 2
204 8 2
204 9 2
204 10 2
204 11 2
204 12 2
204 13 2
205 4 2
205 5 2
205 6 2
205 7 2
205 8 2
205 9 2
205 10 2
205 11 2
205 12 2
205 13 2
206 4 2
206 5 2
206 6 2
206 7 2
206 8 2
206 9 2
206 10 2
206 11 2
206 12 2
206 13 2
207 4 2
207 5 2
207 6 2
207 7 2
207 8 2
207 9 2
207 10 2
207 11 2
207 12 2
207 13 2
208 4 2
208 5 2
208 6 2
208 7 2
208 8 2
208 9 2
208 10 2
208 11 2
208 12 2
208 13 2
209 4 2
209 5 2
209 6 2
209 7 2
209 8 2
209 9 2
209 10 2
209 11 2
209 12 2
209 13 2
210 4 2
210 5 2
210 6 2
210 7 2
210 8 2
210 9 2
210 10 2
210 11 2
210 12 2
210 13 2
211 4 2
211 5 2
211 6 2
211 7 2
211 8 2
211 9 2
211 10 2
211 11 2
211 12 2
211 13 2
212 4 2
212 5 2
212 6 2
212 7 2
212 8 2
212 9 2
212 10 2
212 11 2
212 12 2
212 13 2
213 4 2
213 5 2
213 6 2
213 7 2
213 8 2
213 9 2
213 10 2
213 11 2
213 12 2
213 13 2
214 4 2
214 5 2
214 6 2
214 7 2
214 8 2
214 9 2
214 10 2
214 11 2
214 12 2
214 13 2
215 4 2
215 5 2
215 6 2
215 7 2
215 8 2
215 9 2
215 10 2
215 11 2
215 12 2
215 13 2
216 4 2
216 5 2
216 6 2
216 7 2
216 8 2
216 9 2
216 10 2
216 11 2
216 12 2
216 13 2
217 4 2
217 5 2
217 6 2
217 7 2
217 8 2
217 9 2
217 10 2
217 11 2
217 12 2
217 13 2
218 4 2
218 5 2
218 6 2
218 7 2
218 8 2
218 9 2
218 10 2
218 11 2
218 12 2
218 13 2
219 4 2
219 5 2
219 6 2
219 7 2
219 8 2
219 9 2
219 10 2
219 11 2
219 12 2
219 13 2
220 4 3
220 5 3
220 6 3
220 7 3
220 8 3
220 9 2
220 10 2
220 11 2
220 12 2
220 13 2
221 4 3
221 5 3
221 6 3
221 7 3
221 8 3
221 9 3
221 10 2
221 11 2
221 12 2
221 13 2
222 4 3
222 5 3
222 6 3
222 7 3
222 8 3
222 9 3
222 10 3
222 11 2
222 12 2
222 13 2
223 4 3
223 5 3
223 6 3
223 7 3
223 8 3
223 9 3
223 10 3
223 11 3
223 12 2
223 13 2
224 4 3
224 5 3
224 6 3
224 7 3
224 8 3
224 9 3
224 10 3
224 11 3
224 12 3
224 13 2
225 4 3
225 5 3
225 6 3
225 7 3
225 8 3
225 9 3
225 10 3
225 11 3
225 12 3
225 13 3
226 4 3
226 5 3
226 6 3
226 7 3
226 8 3
226 9 3
226 10 3
226 11 3
226 12 3
226 13 3
227 4 3
227 5 3
227 6 3
227 7 3
227 8 3
227 9 3
227 10 3
227 11 3
227 12 3
227 13 3
228 4 3
228 5 3
228 6 3
228 7 3
228 8 3
228 9 3
228 10 3
228 11 3
228 12 3
228 13 3
229 4 3
229 5 3
229 6 3
229 7 3
229 8 3
229 9 3
229 10 3
229 11 3
229 12 3
229 13 3
230 4 3
230 5 3
230 6 3
230 7 3
230 8 3
230 9 3
230 10 3
230 11 3
230 12 3
230 13 3
231 4 3
231 5 3
231 6 3
231 7 3
231 8 3
231 9 3
231 10 3
231 11 3
231 12 3
231 13 3
232 4 3
232 5 3
232 6 3
232 7 3
232 8 3
232 9 3
232 10 3
232 11 3
232 12 3
232 13 3
233 4 3
233 5 3
233 6 3
233 7 3
233 8 3
233 9 3
233 10 3
233 11 3
233 12 3
233 13 3
234 4 3
234 5 3
234 6 3
234 7 3
234 8 3
234 9 3
234 10 3
234 11 3
234 12 3
234 13 3
235 4 3
235 5 3
235 6 3
235 7 3
235 8 3
235 9 3
235 10 3
235 11 3
235 12 3
235 13 3
236 4 3
236 5 3
236 6 3
236 7 3
236 8 3
236 9 3
236 10 3
236 11 3
236 12 3
236 13 3
237 4 3
237 5 3
237 6 3
237 7 3
237 8 3
237 9 3
237 10 3
237 11 3
237 12 3
237 13 3
238 4 3
238 5 3
238 6 3
238 7 3
238 8 3
238 9 3
238 10 3
238 11 3
238 12 3
238 13 3
239 4 3
239 5 3
239 6 3
239 7 3
239 8 3
239 9 3
239 10 3
239 11 3
239 12 3
239 13 3
240 4 3
240 5 3
240 6 3
240 7 3
240 8 3
240 9 3
240 10 3
240 11 3
240 12 3
240 13 3
241 4 3
241 5 3
241 6 3
241 7 3
241 8 3
241 9 3
241 10 3
241 11 3
241 12 3
241 13 3
242 4 3
242 5 3
242 6 3
242 7 3
242 8 3
242 9 3
242 10 3
242 11 3
242 12 3
242 13 3
243 4 3
243 5 3
243 6 3
243 7 3
243 8 3
243 9 3
243 10 3
243 11 3
243 12 3
243 13 3
244 4 3
244 5 3
244 6 3
244 7 3
244 8 3
244 9 3
244 10 3
244 11 3
244 12 3
244 13 3
245 4 3
245 5 3
245 6 3
245 7 3
245 8 3
245 9 3
245 10 3
245 11 3
245 12 3
245 13 3
246 4 3
246 5 3
246 6 3
246 7 3
246 8 3
246 9 3
246 10 3
246 11 3
246 12 3
246 13 3
247 4 3
247 5 3
247 6 3
247 7 3
247 8 3
247 9 3
247 10 3
247 11 3
247 12 3
247 13 3
248 4 3
248 5 3
248 6 3
248 7 3
248 8 3
248 9 3
248 10 3
248 11 3
248 12 3
248 13 3
249 4 3
249 5 3
249 6 3
249 7 3
249 8 3
249 9 3
249 10 3
249 11 3
249 12 3
249 13 3
250 3 1
250 9 3
250 10 3
250 11 3
250 12 3
250 13 3
251 3 1
251 9 3
251 10 3
251 11 3
251 12 3
251 13 3
252 3 1
252 9 3
252 10 3
252 11 3
252 12 3
252 13 3
253 3 1
253 9 3
253 10 3
253 11 3
253 12 3
253 13 3
254 3 1
254 9 3
254 10 3
254 11 3
254 12 3
254 13 3
255 9 3
255 10 3
255 11 3
255 12 3
255 13 3
256 9 3
256 10 3
256 11 3
256 12 3
256 13 3
257 9 3
257 10 3
257 11 3
257 12 3
257 13 3
258 9 3
258 10 3
258 11 3
258 12 3
258 13 3
259 9 3
259 10 3
259 11 3
259 12 3
259 13 3
260 9 3
260 10 3
260 11 3
260 12 3
260 13 3
261 9 3
261 10 3
261 11 3
261 12 3
261 13 3
262 9 3
262 10 3
262 11 3
262 12 3
262 13 3
263 9 3
263 10 3
263 11 3
263 12 3
263 13 3
264 9 3
264 10 3
264 11 3
264 12 3
264 13 3
265 9 3
265 10 3
265 11 3
265 12 3
265 13 3
266 9 3
266 10 3
266 11 3
266 12 3
266 13 3
267 9 3
267 10 3
267 11 3
267 12 3
267 13 3
268 9 3
268 10 3
268 11 3
268 12 3
268 13 3
269 9 3
269 10 3
269 11 3
269 12 3
269 13 3
270 9 3
270 10 3
270 11 3
270 12 3
270 13 3
271 9 3
271 10 3
271 11 3
271 12 3
271 13 3
272 9 3
272 10 3
272 11 3
272 12 3
272 13 3
273 9 3
273 10 3
273 11 3
273 12 3
273 13 3
274 9 3
274 10 3
274 11 3
274 12 3
274 13 3
275 9 3
275 10 3
275 11 3
275 12 3
275 13 3
276 9 3
276 10 3
276 11 3
276 12 3
276 13 3
277 9 3
277 10 3
277 11 3
277 12 3
277 13 3
278 9 3
278 10 3
278 11 3
278 12 3
278 13 3
279 9 3
279 10 3
279 11 3
279 12 3
279 13 3
280 9 3
280 10 3
280 11 3
280 12 3
280 13 3
281 9 3
281 10 3
281 11 3
281 12 3
281 13 3
282 9 3
282 10 3
282 11 3
282 12 3
282 13 3
283 9 3
283 10 3
283 11 3
283 12 3
283 13 3
284 9 3
284 10 3
284 11 3
284 12 3
284 13 3
285 9 3
285 10 3
285 11 3
285 12 3
285 13 3
286 9 3
286 10 3
286 11 3
286 12 3
286 13 3
287 9 3
287 10 3
287 11 3
287 12 3
287 13 3
288 3 1
288 9 3
288 10 3
288 11 3
288 13 3
289 3 0
289 13 0
